cat.6304,0,0.000,1,1.000
cat.4085,0,0.000,1,1.000
cat.7655,0,0.000,1,1.000
cat.9250,0,0.000,1,1.000
cat.9331,0,0.000,1,1.000
cat.1575,0,0.000,1,1.000
cat.12227,0,0.000,1,1.000
cat.5355,0,0.000,1,1.000
cat.7968,0,0.000,1,1.000
cat.1507,0,0.000,1,1.000
cat.8828,0,0.001,1,0.999
cat.2924,0,0.001,1,0.999
cat.883,0,0.001,1,0.999
dog.8267,1,0.001,0,0.999
cat.11004,0,0.001,1,0.999
cat.859,0,0.001,1,0.999
dog.1622,1,0.001,0,0.999
dog.6637,1,0.001,0,0.999
cat.9882,0,0.001,1,0.999
cat.2748,0,0.002,1,0.998
cat.1625,0,0.002,1,0.998
dog.8507,1,0.002,0,0.998
cat.6655,0,0.002,1,0.998
dog.11836,1,0.002,0,0.998
dog.6414,1,0.002,0,0.998
cat.2939,0,0.002,1,0.998
cat.503,0,0.002,1,0.998
cat.7599,0,0.003,1,0.997
cat.3672,0,0.003,1,0.997
cat.8456,0,0.003,1,0.997
cat.11736,0,0.004,1,0.996
dog.6714,1,0.004,0,0.996
cat.7899,0,0.004,1,0.996
cat.6699,0,0.004,1,0.996
cat.3868,0,0.005,1,0.995
dog.2946,1,0.005,0,0.995
cat.11149,0,0.005,1,0.995
cat.3176,0,0.005,1,0.995
dog.361,1,0.005,0,0.995
cat.3219,0,0.006,1,0.994
cat.9596,0,0.006,1,0.994
cat.9277,0,0.006,1,0.994
cat.7920,0,0.006,1,0.994
cat.5794,0,0.006,1,0.994
cat.1267,0,0.007,1,0.993
cat.2817,0,0.007,1,0.993
dog.4388,1,0.007,0,0.993
dog.3725,1,0.007,0,0.993
dog.8536,1,0.007,0,0.993
cat.1742,0,0.008,1,0.992
dog.7862,1,0.008,0,0.992
cat.8537,0,0.008,1,0.992
dog.8800,1,0.008,0,0.992
cat.8289,0,0.009,1,0.991
dog.10805,1,0.009,0,0.991
cat.8236,0,0.009,1,0.991
cat.9305,0,0.009,1,0.991
cat.7377,0,0.009,1,0.991
cat.10609,0,0.010,1,0.990
dog.9109,1,0.010,0,0.990
cat.3566,0,0.010,1,0.990
cat.3738,0,0.010,1,0.990
cat.9090,0,0.011,1,0.989
cat.9445,0,0.011,1,0.989
cat.3828,0,0.011,1,0.989
cat.10863,0,0.012,1,0.988
dog.8554,1,0.012,0,0.988
cat.9406,0,0.013,1,0.987
dog.1838,1,0.014,0,0.986
cat.5795,0,0.014,1,0.986
dog.4987,1,0.014,0,0.986
cat.7919,0,0.014,1,0.986
cat.92,0,0.014,1,0.986
dog.6479,1,0.014,0,0.986
cat.8393,0,0.014,1,0.986
cat.4554,0,0.015,1,0.985
cat.11399,0,0.015,1,0.985
cat.8455,0,0.015,1,0.985
cat.9444,0,0.016,1,0.984
cat.11141,0,0.016,1,0.984
cat.7537,0,0.016,1,0.984
cat.171,0,0.016,1,0.984
cat.6,0,0.016,1,0.984
cat.169,0,0.017,1,0.983
cat.6735,0,0.017,1,0.983
cat.11838,0,0.018,1,0.982
cat.6781,0,0.018,1,0.982
cat.6734,0,0.019,1,0.981
dog.3831,1,0.019,0,0.981
cat.24,0,0.019,1,0.981
cat.3433,0,0.019,1,0.981
cat.2893,0,0.019,1,0.981
cat.4211,0,0.019,1,0.981
cat.12493,0,0.020,1,0.980
cat.10266,0,0.020,1,0.980
dog.1259,1,0.021,0,0.979
dog.9910,1,0.022,0,0.978
dog.11317,1,0.024,0,0.976
dog.11407,1,0.026,0,0.974
dog.10756,1,0.026,0,0.974
dog.2982,1,0.028,0,0.972
